[piece_num, height_of_tower]
1,1
2,4
3,7
4,11
5,11
6,11
7,11
8,14
9,14
10,16
11,17
12,20
13,23
14,25
15,27
16,28
17,31
18,34
19,34
20,34
21,35
22,37
23,39
24,41
25,43
26,44
27,47
28,49
29,49
30,49
31,49
32,51
33,54
34,54
35,54
36,55
37,58
38,61
39,61
40,61
41,62
42,64
43,65
44,67
45,67
46,67
47,69
48,69
49,73
50,75
51,76
52,78
53,81
54,81
55,83
56,84
57,86
58,88
59,88
60,90
61,91
62,94
63,96
64,100
65,100
66,101
67,104
68,107
69,107
70,107
71,107
72,107
73,109
74,111
75,111
76,112
77,114
78,117
79,117
80,119
81,119
82,122
83,122
84,122
85,123
86,123
87,126
88,128
89,130
90,132
91,133
92,135
93,138
94,138
95,138
96,139
97,141
98,142
99,145
100,147
101,148
102,150
103,153
104,153
105,153
106,153
107,155
108,158
109,158
110,158
111,159
112,161
113,164
114,166
115,166
116,167
117,169
118,170
119,174
120,176
121,177
122,180
123,183
124,185
125,187
126,188
127,191
128,193
129,194
130,195
131,196
132,199
133,202
134,204
135,206
136,206
137,206
138,209
139,211
140,211
141,212
142,215
143,217
144,217
145,219
146,220
147,223
148,225
149,227
150,227
151,228
152,230
153,232
154,234
155,236
156,237
157,239
158,240
159,242
160,244
161,245
162,248
163,251
164,255
165,257
166,258
167,261
168,263
169,265
170,265
171,266
172,268
173,270
174,270
175,270
176,271
177,274
178,276
179,277
180,279
181,280
182,283
183,285
184,289
185,289
186,289
187,289
188,292
189,292
190,294
191,295
192,297
193,298
194,300
195,302
196,303
197,306
198,309
199,309
200,311
201,311
202,314
203,317
204,317
205,317
206,318
207,321
208,321
209,323
210,325
211,326
212,329
213,332
214,334
215,336
216,336
217,338
218,338
219,340
220,340
221,341
222,344
223,347
224,349
225,351
226,352
227,355
228,358
229,360
230,362
231,363
232,365
233,367
234,367
235,369
236,370
237,373
238,376
239,376
240,376
241,377
242,380
243,383
244,383
245,385
246,386
247,388
248,389
249,391
250,391
251,392
252,394
253,396
254,398
255,400
256,401
257,404
258,406
259,408
260,408
261,409
262,412
263,415
264,415
265,417
266,418
267,420
268,422
269,424
270,426
271,427
272,430
273,430
274,433
275,433
276,434
277,437
278,440
279,444
280,444
281,445
282,448
283,448
284,452
285,454
286,455
287,457
288,460
289,464
290,464
291,464
292,464
293,467
294,469
295,471
296,472
297,475
298,478
299,482
300,482
301,483
302,486
303,488
304,489
305,491
306,492
307,494
308,497
309,499
310,501
311,502
312,505
313,508
314,510
315,510
316,511
317,514
318,517
319,521
320,521
321,522
322,524
323,527
324,527
325,529
326,529
327,531
328,532
329,536
330,536
331,537
332,540
333,543
334,543
335,543
336,544
337,547
338,549
339,553
340,555
341,556
342,558
343,560
344,562
345,564
346,565
347,568
348,568
349,571
350,573
351,574
352,576
353,577
354,579
355,579
356,580
357,583
358,583
359,586
360,586
361,587
362,589
363,592
364,594
365,594
366,595
367,595
368,598
369,602
370,604
371,604
372,606
373,609
374,611
375,613
376,614
377,617
378,620
379,622
380,624
381,625
382,628
383,631
384,633
385,633
386,634
387,637
388,640
389,640
390,640
391,641
392,643
393,645
394,646
395,647
396,648
397,651
398,651
399,655
400,657
401,657
402,657
403,660
404,664
405,664
406,665
407,668
408,670
409,672
410,672
411,673
412,676
413,679
414,683
415,683
416,684
417,687
418,690
419,690
420,692
421,693
422,696
423,698
424,700
425,702
426,703
427,706
428,708
429,709
430,709
431,710
432,712
433,713
434,716
435,716
436,716
437,717
438,720
439,720
440,720
441,720
442,722
443,724
444,726
445,726
446,727
447,730
448,733
449,737
450,737
451,738
452,741
453,743
454,745
455,745
456,746
457,749
458,752
459,752
460,752
461,752
462,753
463,756
464,760
465,762
466,763
467,765
468,768
469,770
470,772
471,773
472,775
473,777
474,779
475,779
476,780
477,782
478,785
479,785
480,785
481,785
482,788
483,791
484,791
485,793
486,794
487,797
488,799
489,799
490,799
491,800
492,803
493,806
494,806
495,808
496,809
497,812
498,815
499,817
500,817
501,818
502,821
503,824
504,826
505,826
506,827
507,829
508,832
509,832
510,832
511,833
512,836
513,838
514,840
515,840
516,841
517,844
518,847
519,851
520,853
521,853
522,855
523,858
524,862
525,862
526,863
527,865
528,867
529,869
530,869
531,870
532,873
533,875
534,876
535,877
536,878
537,880
538,881
539,885
540,887
541,888
542,891
543,893
544,897
545,899
546,900
547,903
548,906
549,910
550,910
551,910
552,912
553,914
554,918
555,918
556,919
557,922
558,925
559,927
560,929
561,930
562,933
563,933
564,937
565,937
566,938
567,941
568,944
569,946
570,948
571,949
572,952
573,954
574,954
575,954
576,955
577,957
578,960
579,960
580,960
581,960
582,962
583,964
584,968
585,968
586,969
587,972
588,972
589,975
590,977
591,977
592,979
593,981
594,983
595,983
596,984
597,984
598,987
599,989
600,989
601,990
602,993
603,993
604,996
605,998
606,999
607,1002
608,1004
609,1006
610,1006
611,1006
612,1008
613,1010
614,1014
615,1016
616,1017
617,1019
618,1022
619,1026
620,1028
621,1029
622,1032
623,1035
624,1035
625,1035
626,1036
627,1038
628,1039
629,1041
630,1043
631,1044
632,1047
633,1050
634,1052
635,1054
636,1055
637,1055
638,1058
639,1060
640,1062
641,1063
642,1066
643,1069
644,1073
645,1073
646,1074
647,1077
648,1079
649,1079
650,1081
651,1082
652,1085
653,1087
654,1089
655,1089
656,1090
657,1093
658,1095
659,1096
660,1096
661,1097
662,1100
663,1103
664,1103
665,1103
666,1104
667,1107
668,1109
669,1109
670,1109
671,1110
672,1112
673,1113
674,1114
675,1116
676,1117
677,1120
678,1122
679,1122
680,1122
681,1122
682,1125
683,1128
684,1128
685,1128
686,1129
687,1131
688,1134
689,1138
690,1138
691,1139
692,1142
693,1145
694,1145
695,1145
696,1146
697,1149
698,1149
699,1153
700,1155
701,1156
702,1159
703,1162
704,1164
705,1166
706,1167
707,1170
708,1172
709,1176
710,1178
711,1179
712,1182
713,1185
714,1185
715,1185
716,1186
717,1189
718,1189
719,1191
720,1191
721,1192
722,1194
723,1197
724,1197
725,1197
726,1198
727,1201
728,1204
729,1204
730,1204
731,1204
732,1206
733,1206
734,1209
735,1209
736,1210
737,1213
738,1216
739,1216
740,1216
741,1217
742,1220
743,1220
744,1224
745,1224
746,1225
747,1228
748,1228
749,1230
750,1232
751,1233
752,1236
753,1238
754,1240
755,1242
756,1242
757,1245
758,1247
759,1249
760,1249
761,1250
762,1252
763,1253
764,1255
765,1255
766,1255
767,1257
768,1260
769,1260
770,1260
771,1261
772,1264
773,1266
774,1268
775,1268
776,1268
777,1269
778,1271
779,1271
780,1271
781,1272
782,1275
783,1277
784,1277
785,1278
786,1278
787,1281
788,1284
789,1284
790,1284
791,1285
792,1288
793,1290
794,1292
795,1292
796,1292
797,1294
798,1297
799,1297
800,1299
801,1300
802,1303
803,1306
804,1310
805,1310
806,1311
807,1313
808,1315
809,1315
810,1315
811,1316
812,1319
813,1322
814,1324
815,1324
816,1325
817,1328
818,1330
819,1330
820,1330
821,1330
822,1333
823,1336
824,1338
825,1340
826,1341
827,1344
828,1347
829,1347
830,1347
831,1348
832,1351
833,1354
834,1358
835,1358
836,1359
837,1362
838,1364
839,1366
840,1368
841,1369
842,1372
843,1375
844,1375
845,1375
846,1376
847,1379
848,1382
849,1386
850,1388
851,1389
852,1392
853,1395
854,1395
855,1395
856,1396
857,1399
858,1401
859,1402
860,1404
861,1405
862,1407
863,1408
864,1411
865,1411
866,1412
867,1412
868,1415
869,1417
870,1417
871,1418
872,1420
873,1423
874,1423
875,1425
876,1426
877,1426
878,1429
879,1433
880,1435
881,1436
882,1439
883,1442
884,1444
885,1446
886,1447
887,1449
888,1450
889,1452
890,1452
891,1453
892,1456
893,1456
894,1459
895,1459
896,1459
897,1460
898,1463
899,1465
900,1465
901,1466
902,1469
903,1471
904,1473
905,1475
906,1476
907,1478
908,1481
909,1483
910,1485
911,1486
912,1486
913,1489
914,1491
915,1491
916,1492
917,1495
918,1498
919,1500
920,1502
921,1503
922,1506
923,1508
924,1512
925,1514
926,1515
927,1517
928,1518
929,1522
930,1524
931,1525
932,1528
933,1531
934,1535
935,1535
936,1536
937,1539
938,1542
939,1546
940,1548
941,1549
942,1551
943,1554
944,1556
945,1556
946,1557
947,1560
948,1560
949,1560
950,1560
951,1561
952,1564
953,1566
954,1568
955,1568
956,1569
957,1572
958,1574
959,1576
960,1578
961,1579
962,1582
963,1584
964,1584
965,1585
966,1585
967,1588
968,1588
969,1591
970,1591
971,1592
972,1595
973,1598
974,1598
975,1598
976,1599
977,1602
978,1604
979,1604
980,1604
981,1605
982,1608
983,1611
984,1611
985,1611
986,1612
987,1615
988,1615
989,1619
990,1619
991,1620
992,1623
993,1626
994,1628
995,1630
996,1631
997,1634
998,1636
999,1640
1000,1642
1001,1643
1002,1645
1003,1648
1004,1648
1005,1648
1006,1649
1007,1651
1008,1652
1009,1656
1010,1658
1011,1659
1012,1662
1013,1664
1014,1668
1015,1668
1016,1669
1017,1672
1018,1674
1019,1676
1020,1676
1021,1677
1022,1680
1023,1682
1024,1686
1025,1686
1026,1687
1027,1690
1028,1690
1029,1694
1030,1694
1031,1694
1032,1696
1033,1697
1034,1699
1035,1699
1036,1700
1037,1703
1038,1703
1039,1705
1040,1705
1041,1706
1042,1709
1043,1712
1044,1716
1045,1716
1046,1716
1047,1718
1048,1721
1049,1721
1050,1721
1051,1722
1052,1724
1053,1725
1054,1728
1055,1728
1056,1728
1057,1729
1058,1731
1059,1735
1060,1735
1061,1735
1062,1735
1063,1737
1064,1737
1065,1737
1066,1738
1067,1740
1068,1743
1069,1745
1070,1745
1071,1745
1072,1747
1073,1750
1074,1752
1075,1752
1076,1753
1077,1755
1078,1758
1079,1762
1080,1762
1081,1762
1082,1762
1083,1765
1084,1769
1085,1769
1086,1770
1087,1773
1088,1775
1089,1777
1090,1777
1091,1777
1092,1779
1093,1782
1094,1786
1095,1786
1096,1787
1097,1790
1098,1792
1099,1794
1100,1796
1101,1797
1102,1799
1103,1802
1104,1802
1105,1802
1106,1803
1107,1806
1108,1809
1109,1811
1110,1813
1111,1814
1112,1814
1113,1817
1114,1819
1115,1821
1116,1822
1117,1823
1118,1825
1119,1826
1120,1826
1121,1826
1122,1829
1123,1832
1124,1832
1125,1834
1126,1834
1127,1834
1128,1837
1129,1837
1130,1837
1131,1838
1132,1841
1133,1843
1134,1847
1135,1847
1136,1848
1137,1851
1138,1854
1139,1858
1140,1858
1141,1858
1142,1860
1143,1863
1144,1867
1145,1869
1146,1869
1147,1871
1148,1873
1149,1873
1150,1873
1151,1873
1152,1876
1153,1879
1154,1881
1155,1883
1156,1884
1157,1886
1158,1888
1159,1890
1160,1890
1161,1890
1162,1892
1163,1893
1164,1897
1165,1897
1166,1897
1167,1897
1168,1900
1169,1900
1170,1902
1171,1903
1172,1905
1173,1906
1174,1908
1175,1910
1176,1911
1177,1914
1178,1916
1179,1918
1180,1920
1181,1921
1182,1924
1183,1926
1184,1926
1185,1926
1186,1927
1187,1930
1188,1933
1189,1935
1190,1935
1191,1936
1192,1939
1193,1941
1194,1943
1195,1945
1196,1946
1197,1949
1198,1949
1199,1952
1200,1952
1201,1953
1202,1954
1203,1956
1204,1958
1205,1960
1206,1961
1207,1964
1208,1967
1209,1969
1210,1969
1211,1969
1212,1969
1213,1970
1214,1972
1215,1974
1216,1975
1217,1978
1218,1981
1219,1985
1220,1985
1221,1986
1222,1989
1223,1992
1224,1996
1225,1996
1226,1996
1227,1996
1228,1997
1229,1999
1230,1999
1231,2000
1232,2003
1233,2006
1234,2010
1235,2012
1236,2013
1237,2015
1238,2018
1239,2018
1240,2018
1241,2019
1242,2022
1243,2022
1244,2022
1245,2023
1246,2024
1247,2027
1248,2029
1249,2033
1250,2035
1251,2036
1252,2038
1253,2041
1254,2045
1255,2045
1256,2046
1257,2049
1258,2051
1259,2053
1260,2053
1261,2053
1262,2054
1263,2055
1264,2057
1265,2057
1266,2058
1267,2061
1268,2063
1269,2065
1270,2065
1271,2066
1272,2068
1273,2070
1274,2071
1275,2071
1276,2071
1277,2074
1278,2074
1279,2076
1280,2076
1281,2077
1282,2079
1283,2082
1284,2084
1285,2086
1286,2087
1287,2090
1288,2093
1289,2095
1290,2095
1291,2096
1292,2099
1293,2101
1294,2102
1295,2102
1296,2103
1297,2105
1298,2107
1299,2111
1300,2111
1301,2112
1302,2115
1303,2115
1304,2116
1305,2117
1306,2118
1307,2121
1308,2123
1309,2125
1310,2127
1311,2128
1312,2130
1313,2131
1314,2135
1315,2135
1316,2136
1317,2138
1318,2141
1319,2141
1320,2141
1321,2141
1322,2144
1323,2147
1324,2151
1325,2151
1326,2151
1327,2153
1328,2153
1329,2153
1330,2155
1331,2155
1332,2156
1333,2159
1334,2159
1335,2159
1336,2160
1337,2162
1338,2165
1339,2167
1340,2169
1341,2170
1342,2173
1343,2176
1344,2178
1345,2178
1346,2179
1347,2182
1348,2182
1349,2182
1350,2182
1351,2183
1352,2186
1353,2189
1354,2189
1355,2191
1356,2192
1357,2195
1358,2198
1359,2198
1360,2200
1361,2201
1362,2204
1363,2204
1364,2206
1365,2206
1366,2207
1367,2210
1368,2213
1369,2213
1370,2215
1371,2216
1372,2218
1373,2221
1374,2225
1375,2227
1376,2228
1377,2228
1378,2231
1379,2232
1380,2233
1381,2234
1382,2237
1383,2240
1384,2240
1385,2240
1386,2241
1387,2243
1388,2245
1389,2247
1390,2249
1391,2249
1392,2249
1393,2252
1394,2253
1395,2255
1396,2255
1397,2258
1398,2258
1399,2261
1400,2261
1401,2261
1402,2263
1403,2265
1404,2265
1405,2265
1406,2266
1407,2268
1408,2269
1409,2271
1410,2271
1411,2272
1412,2275
1413,2275
1414,2275
1415,2275
1416,2276
1417,2279
1418,2279
1419,2281
1420,2283
1421,2284
1422,2287
1423,2290
1424,2294
1425,2296
1426,2297
1427,2300
1428,2302
1429,2302
1430,2302
1431,2303
1432,2306
1433,2308
1434,2310
1435,2310
1436,2310
1437,2312
1438,2314
1439,2316
1440,2316
1441,2317
1442,2320
1443,2323
1444,2323
1445,2323
1446,2324
1447,2327
1448,2330
1449,2334
1450,2336
1451,2337
1452,2340
1453,2343
1454,2343
1455,2343
1456,2343
1457,2345
1458,2348
1459,2348
1460,2350
1461,2351
1462,2354
1463,2357
1464,2359
1465,2361
1466,2362
1467,2365
1468,2365
1469,2367
1470,2367
1471,2368
1472,2371
1473,2371
1474,2372
1475,2374
1476,2375
1477,2375
1478,2378
1479,2379
1480,2381
1481,2382
1482,2385
1483,2388
1484,2388
1485,2390
1486,2391
1487,2394
1488,2397
1489,2401
1490,2403
1491,2403
1492,2406
1493,2406
1494,2406
1495,2408
1496,2409
1497,2412
1498,2414
1499,2416
1500,2416
1501,2417
1502,2419
1503,2422
1504,2424
1505,2426
1506,2426
1507,2426
1508,2426
1509,2430
1510,2432
1511,2432
1512,2432
1513,2432
1514,2436
1515,2436
1516,2437
1517,2440
1518,2443
1519,2445
1520,2445
1521,2445
1522,2447
1523,2449
1524,2451
1525,2451
1526,2452
1527,2454
1528,2457
1529,2457
1530,2457
1531,2458
1532,2460
1533,2462
1534,2466
1535,2466
1536,2467
1537,2469
1538,2470
1539,2472
1540,2472
1541,2472
1542,2475
1543,2477
1544,2477
1545,2477
1546,2478
1547,2481
1548,2484
1549,2484
1550,2484
1551,2485
1552,2488
1553,2490
1554,2492
1555,2492
1556,2493
1557,2496
1558,2499
1559,2503
1560,2503
1561,2504
1562,2507
1563,2510
1564,2510
1565,2510
1566,2511
1567,2514
1568,2514
1569,2517
1570,2519
1571,2520
1572,2522
1573,2525
1574,2527
1575,2527
1576,2527
1577,2529
1578,2531
1579,2531
1580,2531
1581,2532
1582,2535
1583,2537
1584,2539
1585,2539
1586,2540
1587,2542
1588,2544
1589,2548
1590,2548
1591,2549
1592,2552
1593,2552
1594,2554
1595,2554
1596,2555
1597,2558
1598,2561
1599,2561
1600,2561
1601,2562
1602,2565
1603,2568
1604,2570
1605,2570
1606,2571
1607,2574
1608,2577
1609,2577
1610,2577
1611,2578
1612,2581
1613,2584
1614,2584
1615,2584
1616,2585
1617,2585
1618,2588
1619,2589
1620,2589
1621,2590
1622,2593
1623,2593
1624,2597
1625,2599
1626,2600
1627,2603
1628,2605
1629,2607
1630,2607
1631,2608
1632,2610
1633,2613
1634,2615
1635,2615
1636,2616
1637,2618
1638,2621
1639,2623
1640,2625
1641,2626
1642,2629
1643,2629
1644,2633
1645,2635
1646,2636
1647,2638
1648,2640
1649,2640
1650,2640
1651,2641
1652,2644
1653,2647
1654,2647
1655,2647
1656,2648
1657,2650
1658,2653
1659,2655
1660,2657
1661,2658
1662,2661
1663,2661
1664,2663
1665,2663
1666,2664
1667,2667
1668,2670
1669,2670
1670,2670
1671,2671
1672,2673
1673,2674
1674,2677
1675,2679
1676,2679
1677,2679
1678,2682
1679,2682
1680,2684
1681,2685
1682,2688
1683,2691
1684,2693
1685,2693
1686,2694
1687,2697
1688,2700
1689,2704
1690,2704
1691,2705
1692,2707
1693,2710
1694,2710
1695,2710
1696,2711
1697,2714
1698,2717
1699,2717
1700,2717
1701,2718
1702,2721
1703,2724
1704,2728
1705,2728
1706,2729
1707,2731
1708,2733
1709,2733
1710,2735
1711,2735
1712,2737
1713,2739
1714,2741
1715,2741
1716,2741
1717,2743
1718,2744
1719,2746
1720,2748
1721,2748
1722,2748
1723,2750
1724,2752
1725,2752
1726,2753
1727,2756
1728,2758
1729,2758
1730,2758
1731,2759
1732,2761
1733,2764
1734,2764
1735,2766
1736,2767
1737,2770
1738,2772
1739,2774
1740,2776
1741,2777
1742,2780
1743,2780
1744,2783
1745,2783
1746,2783
1747,2785
1748,2788
1749,2788
1750,2788
1751,2789
1752,2792
1753,2794
1754,2794
1755,2796
1756,2797
1757,2800
1758,2800
1759,2800
1760,2800
1761,2801
1762,2803
1763,2804
1764,2806
1765,2808
1766,2809
1767,2811
1768,2813
1769,2815
1770,2817
1771,2818
1772,2820
1773,2822
1774,2824
1775,2826
1776,2827
1777,2830
1778,2830
1779,2830
1780,2832
1781,2832
1782,2834
1783,2836
1784,2838
1785,2840
1786,2841
1787,2844
1788,2847
1789,2847
1790,2849
1791,2850
1792,2853
1793,2856
1794,2858
1795,2858
1796,2859
1797,2861
1798,2862
1799,2864
1800,2864
1801,2864
1802,2867
1803,2869
1804,2869
1805,2869
1806,2870
1807,2873
1808,2876
1809,2876
1810,2878
1811,2879
1812,2881
1813,2884
1814,2886
1815,2886
1816,2887
1817,2890
1818,2892
1819,2893
1820,2895
1821,2896
1822,2899
1823,2902
1824,2902
1825,2902
1826,2902
1827,2903
1828,2906
1829,2908
1830,2908
1831,2909
1832,2911
1833,2914
1834,2914
1835,2916
1836,2917
1837,2920
1838,2923
1839,2923
1840,2925
1841,2926
1842,2929
1843,2932
1844,2932
1845,2932
1846,2933
1847,2935
1848,2938
1849,2940
1850,2940
1851,2941
1852,2944
1853,2947
1854,2947
1855,2947
1856,2948
1857,2951
1858,2951
1859,2954
1860,2954
1861,2954
1862,2956
1863,2959
1864,2963
1865,2963
1866,2964
1867,2966
1868,2968
1869,2970
1870,2972
1871,2973
1872,2976
1873,2978
1874,2982
1875,2982
1876,2983
1877,2985
1878,2986
1879,2988
1880,2990
1881,2991
1882,2994
1883,2997
1884,2997
1885,2999
1886,3000
1887,3003
1888,3006
1889,3008
1890,3008
1891,3009
1892,3012
1893,3014
1894,3016
1895,3016
1896,3016
1897,3018
1898,3020
1899,3021
1900,3023
1901,3024
1902,3026
1903,3028
1904,3030
1905,3030
1906,3031
1907,3032
1908,3034
1909,3036
1910,3038
1911,3039
1912,3042
1913,3045
1914,3049
1915,3049
1916,3050
1917,3053
1918,3053
1919,3055
1920,3055
1921,3056
1922,3059
1923,3059
1924,3061
1925,3063
1926,3063
1927,3066
1928,3066
1929,3069
1930,3071
1931,3072
1932,3075
1933,3075
1934,3078
1935,3078
1936,3079
1937,3082
1938,3082
1939,3085
1940,3085
1941,3085
1942,3087
1943,3087
1944,3087
1945,3089
1946,3090
1947,3090
1948,3093
1949,3094
1950,3094
1951,3095
1952,3098
1953,3100
1954,3101
1955,3103
1956,3104
1957,3107
1958,3107
1959,3109
1960,3111
1961,3112
1962,3115
1963,3118
1964,3120
1965,3122
1966,3122
1967,3122
1968,3124
1969,3126
1970,3128
1971,3128
1972,3131
1973,3131
1974,3131
1975,3133
1976,3133
1977,3134
1978,3137
1979,3137
1980,3137
1981,3138
1982,3141
1983,3144
1984,3144
1985,3144
1986,3145
1987,3148
1988,3151
1989,3155
1990,3155
1991,3156
1992,3158
1993,3160
1994,3164
1995,3164
1996,3165
1997,3168
1998,3168
1999,3172
2000,3172
2001,3172
2002,3174
2003,3177
2004,3179
2005,3181
2006,3182
2007,3185
2008,3187
2009,3189
2010,3189
2011,3190
2012,3193
2013,3196
2014,3196
2015,3198
2016,3199
2017,3201
2018,3203
2019,3205
2020,3207
2021,3208
2022,3211
2023,3211
2024,3214
2025,3214
2026,3215
2027,3218
2028,3221
2029,3225
2030,3225
2031,3226
2032,3229
2033,3229
2034,3233
2035,3235
2036,3236
2037,3238
2038,3241
2039,3245
2040,3245
2041,3245
2042,3245
2043,3248
2044,3250
2045,3252
2046,3253
2047,3256
2048,3259
2049,3263
2050,3263
2051,3264
2052,3267
2053,3269
2054,3270
2055,3272
2056,3273
2057,3275
2058,3278
2059,3280
2060,3282
2061,3283
2062,3286
2063,3289
2064,3291
2065,3291
2066,3292
2067,3295
2068,3298
2069,3302
2070,3302
2071,3303
2072,3305
2073,3308
2074,3308
2075,3310
2076,3310
2077,3312
2078,3313
2079,3317
2080,3317
2081,3318
2082,3321
2083,3324
2084,3324
2085,3324
2086,3325
2087,3328
2088,3330
2089,3334
2090,3336
2091,3337
2092,3339
2093,3341
2094,3343
2095,3345
2096,3346
2097,3349
2098,3349
2099,3352
2100,3354
2101,3355
2102,3357
2103,3358
2104,3360
2105,3360
2106,3361
2107,3364
2108,3364
2109,3367
2110,3367
2111,3368
2112,3370
2113,3373
2114,3375
2115,3375
2116,3376
2117,3376
2118,3379
2119,3383
2120,3385
2121,3385
2122,3387
2123,3390
2124,3392
2125,3394
2126,3395
2127,3398
2128,3401
2129,3403
2130,3405
2131,3406
2132,3409
2133,3412
2134,3414
2135,3414
2136,3415
2137,3418
2138,3421
2139,3421
2140,3421
2141,3422
2142,3424
2143,3426
2144,3427
2145,3428
2146,3429
2147,3432
2148,3432
2149,3436
2150,3438
2151,3438
2152,3438
2153,3441
2154,3445
2155,3445
2156,3446
2157,3449
2158,3451
2159,3453
2160,3453
2161,3454
2162,3457
2163,3460
2164,3464
2165,3464
2166,3465
2167,3468
2168,3471
2169,3471
2170,3473
2171,3474
2172,3477
2173,3479
2174,3481
2175,3483
2176,3484
2177,3487
2178,3489
2179,3490
2180,3490
2181,3491
2182,3493
2183,3494
2184,3497
2185,3497
2186,3497
2187,3498
2188,3501
2189,3501
2190,3501
2191,3501
2192,3503
2193,3505
2194,3507
2195,3507
2196,3508
2197,3511
2198,3514
2199,3518
2200,3518
2201,3519
2202,3522
2203,3524
2204,3526
2205,3526
2206,3527
2207,3530
2208,3533
2209,3533
2210,3533
2211,3533
2212,3534
2213,3537
2214,3541
2215,3543
2216,3544
2217,3546
2218,3549
2219,3551
2220,3553
2221,3554
2222,3556
2223,3558
2224,3560
2225,3560
2226,3561
2227,3563
2228,3566
2229,3566
2230,3566
2231,3566
2232,3569
2233,3572
2234,3572
2235,3574
2236,3575
2237,3578
2238,3580
2239,3580
2240,3580
2241,3581
2242,3584
2243,3587
2244,3587
2245,3589
2246,3590
2247,3593
2248,3596
2249,3598
2250,3598
2251,3599
2252,3602
2253,3605
2254,3607
2255,3607
2256,3608
2257,3610
2258,3613
2259,3613
2260,3613
2261,3614
2262,3617
2263,3619
2264,3621
2265,3621
2266,3622
2267,3625
2268,3628
2269,3632
2270,3634
2271,3634
2272,3636
2273,3639
2274,3643
2275,3643
2276,3644
2277,3646
2278,3648
2279,3650
2280,3650
2281,3651
2282,3654
2283,3656
2284,3657
2285,3658
2286,3659
2287,3661
2288,3662
2289,3666
2290,3668
2291,3669
2292,3672
2293,3674
2294,3678
2295,3680
2296,3681
2297,3684
2298,3687
2299,3691
2300,3691
2301,3691
2302,3693
2303,3695
2304,3699
2305,3699
2306,3700
2307,3703
2308,3706
2309,3708
2310,3710
2311,3711
2312,3714
2313,3714
2314,3718
2315,3718
2316,3719
2317,3722
2318,3725
2319,3727
2320,3729
2321,3730
2322,3733
2323,3735
2324,3735
2325,3735
2326,3736
2327,3738
2328,3741
2329,3741
2330,3741
2331,3741
2332,3743
2333,3745
2334,3749
2335,3749
2336,3750
2337,3753
2338,3753
2339,3756
2340,3758
2341,3758
2342,3760
2343,3762
2344,3764
2345,3764
2346,3765
2347,3765
2348,3768
2349,3770
2350,3770
2351,3771
2352,3774
2353,3774
2354,3777
2355,3779
2356,3780
2357,3783
2358,3785
2359,3787
2360,3787
2361,3787
2362,3789
2363,3791
2364,3795
2365,3797
2366,3798
2367,3800
2368,3803
2369,3807
2370,3809
2371,3810
2372,3813
2373,3816
2374,3816
2375,3816
2376,3817
2377,3819
2378,3820
2379,3822
2380,3824
2381,3825
2382,3828
2383,3831
2384,3833
2385,3835
2386,3836
2387,3836
2388,3839
2389,3841
2390,3843
2391,3844
2392,3847
2393,3850
2394,3854
2395,3854
2396,3855
2397,3858
2398,3860
2399,3860
2400,3862
2401,3863
2402,3866
2403,3868
2404,3870
2405,3870
2406,3871
2407,3874
2408,3876
2409,3877
2410,3877
2411,3878
2412,3881
2413,3884
2414,3884
2415,3884
2416,3885
2417,3888
2418,3890
2419,3890
2420,3890
2421,3891
2422,3893
2423,3894
2424,3895
2425,3897
2426,3898
2427,3901
2428,3903
2429,3903
2430,3903
2431,3903
2432,3906
2433,3909
2434,3909
2435,3909
2436,3910
2437,3912
2438,3915
2439,3919
2440,3919
2441,3920
2442,3923
2443,3926
2444,3926
2445,3926
2446,3927
2447,3930
2448,3930
2449,3934
2450,3936
2451,3937
2452,3940
2453,3943
2454,3945
2455,3947
2456,3948
2457,3951
2458,3953
2459,3957
2460,3959
2461,3960
2462,3963
2463,3966
2464,3966
2465,3966
2466,3967
2467,3970
2468,3970
2469,3972
2470,3972
2471,3973
2472,3975
2473,3978
2474,3978
2475,3978
2476,3979
2477,3982
2478,3985
2479,3985
2480,3985
2481,3985
2482,3987
2483,3987
2484,3990
2485,3990
2486,3991
2487,3994
2488,3997
2489,3997
2490,3997
2491,3998
2492,4001
2493,4001
2494,4005
2495,4005
2496,4006
2497,4009
2498,4009
2499,4011
2500,4013
2501,4014
2502,4017
2503,4019
2504,4021
2505,4023
2506,4023
2507,4026
2508,4028
2509,4030
2510,4030
2511,4031
2512,4033
2513,4034
2514,4036
2515,4036
2516,4036
2517,4038
2518,4041
2519,4041
2520,4041
2521,4042
2522,4045
2523,4047
2524,4049
2525,4049
2526,4049
2527,4050
2528,4052
2529,4052
2530,4052
2531,4053
2532,4056
2533,4058
2534,4058
2535,4059
2536,4059
2537,4062
2538,4065
2539,4065
2540,4065
2541,4066
2542,4069
2543,4071
2544,4073
2545,4073
2546,4073
2547,4075
2548,4078
2549,4078
2550,4080
2551,4081
2552,4084
2553,4087
2554,4091
2555,4091
2556,4092
2557,4094
2558,4096
2559,4096
2560,4096
2561,4097
2562,4100
2563,4103
2564,4105
2565,4105
2566,4106
2567,4109
2568,4111
2569,4111
2570,4111
2571,4111
2572,4114
2573,4117
2574,4119
2575,4121
2576,4122
2577,4125
2578,4128
2579,4128
2580,4128
2581,4129
2582,4132
2583,4135
2584,4139
2585,4139
2586,4140
2587,4143
2588,4145
2589,4147
2590,4149
2591,4150
2592,4153
2593,4156
2594,4156
2595,4156
2596,4157
2597,4160
2598,4163
2599,4167
2600,4169
2601,4170
2602,4173
2603,4176
2604,4176
2605,4176
2606,4177
2607,4180
2608,4182
2609,4183
2610,4185
2611,4186
2612,4188
2613,4189
2614,4192
2615,4192
2616,4193
2617,4193
2618,4196
2619,4198
2620,4198
2621,4199
2622,4201
2623,4204
2624,4204
2625,4206
2626,4207
2627,4207
2628,4210
2629,4214
2630,4216
2631,4217
2632,4220
2633,4223
2634,4225
2635,4227
2636,4228
2637,4230
2638,4231
2639,4233
2640,4233
2641,4234
2642,4237
2643,4237
2644,4240
2645,4240
2646,4240
2647,4241
2648,4244
2649,4246
2650,4246
2651,4247
2652,4250
2653,4252
2654,4254
2655,4256
2656,4257
2657,4259
2658,4262
2659,4264
2660,4266
2661,4267
2662,4267
2663,4270
2664,4272
2665,4272
2666,4273
2667,4276
2668,4279
2669,4281
2670,4283
2671,4284
2672,4287
2673,4289
2674,4293
2675,4295
2676,4296
2677,4298
2678,4299
2679,4303
2680,4305
2681,4306
2682,4309
2683,4312
2684,4316
2685,4316
2686,4317
2687,4320
2688,4323
2689,4327
2690,4329
2691,4330
2692,4332
2693,4335
2694,4337
2695,4337
2696,4338
2697,4341
2698,4341
2699,4341
2700,4341
2701,4342
2702,4345
2703,4347
2704,4349
2705,4349
2706,4350
2707,4353
2708,4355
2709,4357
2710,4359
2711,4360
2712,4363
2713,4365
2714,4365
2715,4366
2716,4366
2717,4369
2718,4369
2719,4372
2720,4372
2721,4373
2722,4376
2723,4379
2724,4379
2725,4379
2726,4380
2727,4383
2728,4385
2729,4385
2730,4385
2731,4386
2732,4389
2733,4392
2734,4392
2735,4392
2736,4393
2737,4396
2738,4396
2739,4400
2740,4400
2741,4401
2742,4404
2743,4407
2744,4409
2745,4411
2746,4412
2747,4415
2748,4417
2749,4421
2750,4423
2751,4424
2752,4426
2753,4429
2754,4429
2755,4429
2756,4430
2757,4432
2758,4433
2759,4437
2760,4439
2761,4440
2762,4443
2763,4445
2764,4449
2765,4449
2766,4450
2767,4453
2768,4455
2769,4457
2770,4457
2771,4458
2772,4461
2773,4463
2774,4467
2775,4467
2776,4468
2777,4471
2778,4471
2779,4475
2780,4475
2781,4475
2782,4477
2783,4478
2784,4480
2785,4480
2786,4481
2787,4484
2788,4484
2789,4486
2790,4486
2791,4487
2792,4490
2793,4493
2794,4497
2795,4497
2796,4497
2797,4499
2798,4502
2799,4502
2800,4502
2801,4503
2802,4505
2803,4506
2804,4509
2805,4509
2806,4509
2807,4510
2808,4512
2809,4516
2810,4516
2811,4516
2812,4516
2813,4518
2814,4518
2815,4518
2816,4519
2817,4521
2818,4524
2819,4526
2820,4526
2821,4526
2822,4528
2823,4531
2824,4533
2825,4533
2826,4534
2827,4536
2828,4539
2829,4543
2830,4543
2831,4543
2832,4543
2833,4546
2834,4550
2835,4550
2836,4551
2837,4554
2838,4556
2839,4558
2840,4558
2841,4558
2842,4560
2843,4563
2844,4567
2845,4567
2846,4568
2847,4571
2848,4573
2849,4575
2850,4577
2851,4578
2852,4580
2853,4583
2854,4583
2855,4583
2856,4584
2857,4587
2858,4590
2859,4592
2860,4594
2861,4595
2862,4595
2863,4598
2864,4600
2865,4602
2866,4603
2867,4604
2868,4606
2869,4607
2870,4607
2871,4607
2872,4610
2873,4613
2874,4613
2875,4615
2876,4615
2877,4615
2878,4618
2879,4618
2880,4618
2881,4619
2882,4622
2883,4624
2884,4628
2885,4628
2886,4629
2887,4632
2888,4635
2889,4639
2890,4639
2891,4639
2892,4641
2893,4644
2894,4648
2895,4650
2896,4650
2897,4652
2898,4654
2899,4654
2900,4654
2901,4654
2902,4657
2903,4660
2904,4662
2905,4664
2906,4665
2907,4667
2908,4669
2909,4671
2910,4671
2911,4671
2912,4673
2913,4674
2914,4678
2915,4678
2916,4678
2917,4678
2918,4681
2919,4681
2920,4683
2921,4684
2922,4686
2923,4687
2924,4689
2925,4691
2926,4692
2927,4695
2928,4697
2929,4699
2930,4701
2931,4702
2932,4705
2933,4707
2934,4707
2935,4707
2936,4708
2937,4711
2938,4714
2939,4716
2940,4716
2941,4717
2942,4720
2943,4722
2944,4724
2945,4726
2946,4727
2947,4730
2948,4730
2949,4733
2950,4733
2951,4734
2952,4735
2953,4737
2954,4739
2955,4741
2956,4742
2957,4745
2958,4748
2959,4750
2960,4750
2961,4750
2962,4750
2963,4751
2964,4753
2965,4755
2966,4756
2967,4759
2968,4762
2969,4766
2970,4766
2971,4767
2972,4770
2973,4773
2974,4777
2975,4777
2976,4777
2977,4777
2978,4778
2979,4780
2980,4780
2981,4781
2982,4784
2983,4787
2984,4791
2985,4793
2986,4794
2987,4796
2988,4799
2989,4799
2990,4799
2991,4800
2992,4803
2993,4803
2994,4803
2995,4804
2996,4805
2997,4808
2998,4810
2999,4814
3000,4816
3001,4817
3002,4819
3003,4822
3004,4826
3005,4826
3006,4827
3007,4830
3008,4832
3009,4834
3010,4834
3011,4834
3012,4835
3013,4836
3014,4838
3015,4838
3016,4839
3017,4842
3018,4844
3019,4846
3020,4846
3021,4847
3022,4849
3023,4851
3024,4852
3025,4852
3026,4852
3027,4855
3028,4855
3029,4857
3030,4857
3031,4858
3032,4860
3033,4863
3034,4865
3035,4867
3036,4868
3037,4871
3038,4874
3039,4876
3040,4876
3041,4877
3042,4880
3043,4882
3044,4883
3045,4883
3046,4884
3047,4886
3048,4888
3049,4892
3050,4892
3051,4893
3052,4896
3053,4896
3054,4897
3055,4898
3056,4899
3057,4902
3058,4904
3059,4906
3060,4908
3061,4909
3062,4911
3063,4912
3064,4916
3065,4916
3066,4917
3067,4919
3068,4922
3069,4922
3070,4922
3071,4922
3072,4925
3073,4928
3074,4932
3075,4932
3076,4932
3077,4934
3078,4934
3079,4934
3080,4936
3081,4936
3082,4937
3083,4940
3084,4940
3085,4940
3086,4941
3087,4943
3088,4946
3089,4948
3090,4950
3091,4951
3092,4954
3093,4957
3094,4959
3095,4959
3096,4960
3097,4963
3098,4963
3099,4963
3100,4963
3101,4964
3102,4967
3103,4970
3104,4970
3105,4972
3106,4973
3107,4976
3108,4979
3109,4979
3110,4981
3111,4982
3112,4985
3113,4985
3114,4987
3115,4987
3116,4988
3117,4991
3118,4994
3119,4994
3120,4996
3121,4997
3122,4999
3123,5002
3124,5006
3125,5008
3126,5009
3127,5009
3128,5012
3129,5013
3130,5014
3131,5015
3132,5018
3133,5021
3134,5021
3135,5021
3136,5022
3137,5024
3138,5026
3139,5028
3140,5030
3141,5030
3142,5030
3143,5033
3144,5034
3145,5036
3146,5036
3147,5039
3148,5039
3149,5042
3150,5042
3151,5042
3152,5044
3153,5046
3154,5046
3155,5046
3156,5047
3157,5049
3158,5050
3159,5052
3160,5052
3161,5053
3162,5056
3163,5056
3164,5056
3165,5056
3166,5057
3167,5060
3168,5060
3169,5062
3170,5064
3171,5065
3172,5068
3173,5071
3174,5075
3175,5077
3176,5078
3177,5081
3178,5083
3179,5083
3180,5083
3181,5084
3182,5087
3183,5089
3184,5091
3185,5091
3186,5091
3187,5093
3188,5095
3189,5097
3190,5097
3191,5098
3192,5101
3193,5104
3194,5104
3195,5104
3196,5105
3197,5108
3198,5111
3199,5115
3200,5117
3201,5118
3202,5121
3203,5124
3204,5124
3205,5124
3206,5124
3207,5126
3208,5129
3209,5129
3210,5131
3211,5132
3212,5135
3213,5138
3214,5140
3215,5142
3216,5143
3217,5146
3218,5146
3219,5148
3220,5148
3221,5149
3222,5152
3223,5152
3224,5153
3225,5155
3226,5156
3227,5156
3228,5159
3229,5160
3230,5162
3231,5163
3232,5166
3233,5169
3234,5169
3235,5171
3236,5172
3237,5175
3238,5178
3239,5182
3240,5184
3241,5184
3242,5187
3243,5187
3244,5187
3245,5189
3246,5190
3247,5193
3248,5195
3249,5197
3250,5197
3251,5198
3252,5200
3253,5203
3254,5205
3255,5207
3256,5207
3257,5207
3258,5207
3259,5211
3260,5213
3261,5213
3262,5213
3263,5213
3264,5217
3265,5217
3266,5218
3267,5221
3268,5224
3269,5226
3270,5226
3271,5226
3272,5228
3273,5230
3274,5232
3275,5232
3276,5233
3277,5235
3278,5238
3279,5238
3280,5238
3281,5239
3282,5241
3283,5243
3284,5247
3285,5247
3286,5248
3287,5250
3288,5251
3289,5253
3290,5253
3291,5253
3292,5256
3293,5258
3294,5258
3295,5258
3296,5259
3297,5262
3298,5265
3299,5265
3300,5265
3301,5266
3302,5269
3303,5271
3304,5273
3305,5273
3306,5274
3307,5277
3308,5280
3309,5284
3310,5284
3311,5285
3312,5288
3313,5291
3314,5291
3315,5291
3316,5292
3317,5295
3318,5295
3319,5298
3320,5300
3321,5301
3322,5303
3323,5306
3324,5308
3325,5308
3326,5308
3327,5310
3328,5312
3329,5312
3330,5312
3331,5313
3332,5316
3333,5318
3334,5320
3335,5320
3336,5321
3337,5323
3338,5325
3339,5329
3340,5329
3341,5330
3342,5333
3343,5333
3344,5335
3345,5335
3346,5336
3347,5339
3348,5342
3349,5342
3350,5342
3351,5343
3352,5346
3353,5349
3354,5351
3355,5351
3356,5352
3357,5355
3358,5358
3359,5358
3360,5358
3361,5359
3362,5362
3363,5365
3364,5365
3365,5365
3366,5366
3367,5366
3368,5369
3369,5370
3370,5370
3371,5371
3372,5374
3373,5374
3374,5378
3375,5380
3376,5381
3377,5384
3378,5386
3379,5388
3380,5388
3381,5389
3382,5391
3383,5394
3384,5396
3385,5396
3386,5397
3387,5399
3388,5402
3389,5404
3390,5406
3391,5407
3392,5410
3393,5410
3394,5414
3395,5416
3396,5417
3397,5419
3398,5421
3399,5421
3400,5421
3401,5422
3402,5425
3403,5428
3404,5428
3405,5428
3406,5429
3407,5431
3408,5434
3409,5436
3410,5438
3411,5439
3412,5442
3413,5442
3414,5444
3415,5444
3416,5445
3417,5448
3418,5451
3419,5451
3420,5451
3421,5452
3422,5454
3423,5455
3424,5458
3425,5460
3426,5460
3427,5460
3428,5463
3429,5463
3430,5465
3431,5466
3432,5469
3433,5472
3434,5474
3435,5474
3436,5475
3437,5478
3438,5481
3439,5485
3440,5485
3441,5486
3442,5488
3443,5491
3444,5491
3445,5491
3446,5492
3447,5495
3448,5498
3449,5498
3450,5498
3451,5499
3452,5502
3453,5505
3454,5509
3455,5509
3456,5510
3457,5512
3458,5514
3459,5514
3460,5516
3461,5516
3462,5518
3463,5520
3464,5522
3465,5522
3466,5522
3467,5524
3468,5525
3469,5527
3470,5529
3471,5529
3472,5529
3473,5531
3474,5533
3475,5533
3476,5534
3477,5537
3478,5539
3479,5539
3480,5539
3481,5540
3482,5542
3483,5545
3484,5545
3485,5547
3486,5548
3487,5551
3488,5553
3489,5555
3490,5557
3491,5558
3492,5561
3493,5561
3494,5564
3495,5564
3496,5564
3497,5566
3498,5569
3499,5569
3500,5569
3501,5570
3502,5573
3503,5575
3504,5575
3505,5577
3506,5578
3507,5581
3508,5581
3509,5581
3510,5581
3511,5582
3512,5584
3513,5585
3514,5587
3515,5589
3516,5590
3517,5592
3518,5594
3519,5596
3520,5598
3521,5599
3522,5601
3523,5603
3524,5605
3525,5607
3526,5608
3527,5611
3528,5611
3529,5611
3530,5613
3531,5613
3532,5615
3533,5617
3534,5619
3535,5621
3536,5622
3537,5625
3538,5628
3539,5628
3540,5630
3541,5631
3542,5634
3543,5637
3544,5639
3545,5639
3546,5640
3547,5642
3548,5643
3549,5645
3550,5645
3551,5645
3552,5648
3553,5650
3554,5650
3555,5650
3556,5651
3557,5654
3558,5657
3559,5657
3560,5659
3561,5660
3562,5662
3563,5665
3564,5667
3565,5667
3566,5668
3567,5671
3568,5673
3569,5674
3570,5676
3571,5677
3572,5680
3573,5683
3574,5683
3575,5683
3576,5683
3577,5684
3578,5687
3579,5689
3580,5689
3581,5690
3582,5692
3583,5695
3584,5695
3585,5697
3586,5698
3587,5701
3588,5704
3589,5704
3590,5706
3591,5707
3592,5710
3593,5713
3594,5713
3595,5713
3596,5714
3597,5716
3598,5719
3599,5721
3600,5721
3601,5722
3602,5725
3603,5728
3604,5728
3605,5728
3606,5729
3607,5732
3608,5732
3609,5735
3610,5735
3611,5735
3612,5737
3613,5740
3614,5744
3615,5744
3616,5745
3617,5747
3618,5749
3619,5751
3620,5753
3621,5754
3622,5757
3623,5759
3624,5763
3625,5763
3626,5764
3627,5766
3628,5767
3629,5769
3630,5771
3631,5772
3632,5775
3633,5778
3634,5778
3635,5780
3636,5781
3637,5784
3638,5787
3639,5789
3640,5789
3641,5790
3642,5793
3643,5795
3644,5797
3645,5797
3646,5797
3647,5799
3648,5801
3649,5802
3650,5804
3651,5805
3652,5807
3653,5809
3654,5811
3655,5811
3656,5812
3657,5813
3658,5815
3659,5817
3660,5819
3661,5820
3662,5823
3663,5826
3664,5830
3665,5830
3666,5831
3667,5834
3668,5834
3669,5836
3670,5836
3671,5837
3672,5840
3673,5840
3674,5842
3675,5844
3676,5844
3677,5847
3678,5847
3679,5850
3680,5852
3681,5853
3682,5856
3683,5856
3684,5859
3685,5859
3686,5860
3687,5863
3688,5863
3689,5866
3690,5866
3691,5866
3692,5868
3693,5868
3694,5868
3695,5870
3696,5871
3697,5871
3698,5874
3699,5875
3700,5875
3701,5876
3702,5879
3703,5881
3704,5882
3705,5884
3706,5885
3707,5888
3708,5888
3709,5890
3710,5892
3711,5893
3712,5896
3713,5899
3714,5901
3715,5903
3716,5903
3717,5903
3718,5905
3719,5907
3720,5909
3721,5909
3722,5912
3723,5912
3724,5912
3725,5914
3726,5914
3727,5915
3728,5918
3729,5918
3730,5918
3731,5919
3732,5922
3733,5925
3734,5925
3735,5925
3736,5926
3737,5929
3738,5932
3739,5936
3740,5936
3741,5937
3742,5939
3743,5941
3744,5945
3745,5945
3746,5946
3747,5949
3748,5949
3749,5953
3750,5953
3751,5953
3752,5955
3753,5958
3754,5960
3755,5962
3756,5963
3757,5966
3758,5968
3759,5970
3760,5970
3761,5971
3762,5974
3763,5977
3764,5977
3765,5979
3766,5980
3767,5982
3768,5984
3769,5986
3770,5988
3771,5989
3772,5992
3773,5992
3774,5995
3775,5995
3776,5996
3777,5999
3778,6002
3779,6006
3780,6006
3781,6007
3782,6010
3783,6010
3784,6014
3785,6016
3786,6017
3787,6019
3788,6022
3789,6026
3790,6026
3791,6026
3792,6026
3793,6029
3794,6031
3795,6033
3796,6034
3797,6037
3798,6040
3799,6044
3800,6044
3801,6045
3802,6048
3803,6050
3804,6051
3805,6053
3806,6054
3807,6056
3808,6059
3809,6061
3810,6063
3811,6064
3812,6067
3813,6070
3814,6072
3815,6072
3816,6073
3817,6076
3818,6079
3819,6083
3820,6083
3821,6084
3822,6086
3823,6089
3824,6089
3825,6091
3826,6091
3827,6093
3828,6094
3829,6098
3830,6098
3831,6099
3832,6102
3833,6105
3834,6105
3835,6105
3836,6106
3837,6109
3838,6111
3839,6115
3840,6117
3841,6118
3842,6120
3843,6122
3844,6124
3845,6126
3846,6127
3847,6130
3848,6130
3849,6133
3850,6135
3851,6136
3852,6138
3853,6139
3854,6141
3855,6141
3856,6142
3857,6145
3858,6145
3859,6148
3860,6148
3861,6149
3862,6151
3863,6154
3864,6156
3865,6156
3866,6157
3867,6157
3868,6160
3869,6164
3870,6166
3871,6166
3872,6168
3873,6171
3874,6173
3875,6175
3876,6176
3877,6179
3878,6182
3879,6184
3880,6186
3881,6187
3882,6190
3883,6193
3884,6195
3885,6195
3886,6196
3887,6199
3888,6202
3889,6202
3890,6202
3891,6203
3892,6205
3893,6207
3894,6208
3895,6209
3896,6210
3897,6213
3898,6213
3899,6217
3900,6219
3901,6219
3902,6219
3903,6222
3904,6226
3905,6226
3906,6227
3907,6230
3908,6232
3909,6234
3910,6234
3911,6235
3912,6238
3913,6241
3914,6245
3915,6245
3916,6246
3917,6249
3918,6252
3919,6252
3920,6254
3921,6255
3922,6258
3923,6260
3924,6262
3925,6264
3926,6265
3927,6268
3928,6270
3929,6271
3930,6271
3931,6272
3932,6274
3933,6275
3934,6278
3935,6278
3936,6278
3937,6279
3938,6282
3939,6282
3940,6282
3941,6282
3942,6284
3943,6286
3944,6288
3945,6288
3946,6289
3947,6292
3948,6295
3949,6299
3950,6299
3951,6300
3952,6303
3953,6305
3954,6307
3955,6307
3956,6308
3957,6311
3958,6314
3959,6314
3960,6314
3961,6314
3962,6315
3963,6318
3964,6322
3965,6324
3966,6325
3967,6327
3968,6330
3969,6332
3970,6334
3971,6335
3972,6337
3973,6339
3974,6341
3975,6341
3976,6342
3977,6344
3978,6347
3979,6347
3980,6347
3981,6347
3982,6350
3983,6353
3984,6353
3985,6355
3986,6356
3987,6359
3988,6361
3989,6361
3990,6361
3991,6362
3992,6365
3993,6368
3994,6368
3995,6370
3996,6371
3997,6374
3998,6377
3999,6379
4000,6379
4001,6380
4002,6383
4003,6386
4004,6388
4005,6388
4006,6389
4007,6391
4008,6394
4009,6394
4010,6394
4011,6395
4012,6398
4013,6400
4014,6402
4015,6402
4016,6403
4017,6406
4018,6409
4019,6413
4020,6415
4021,6415
4022,6417
4023,6420
4024,6424
4025,6424
4026,6425
4027,6427
4028,6429
4029,6431
4030,6431
4031,6432
4032,6435
4033,6437
4034,6438
4035,6439
4036,6440
4037,6442
4038,6443
4039,6447
4040,6449
4041,6450
4042,6453
4043,6455
4044,6459
4045,6461
4046,6462
4047,6465
4048,6468
4049,6472
4050,6472
4051,6472
4052,6474
4053,6476
4054,6480
4055,6480
4056,6481
4057,6484
4058,6487
4059,6489
4060,6491
4061,6492
4062,6495
4063,6495
4064,6499
4065,6499
4066,6500
4067,6503
4068,6506
4069,6508
4070,6510
4071,6511
4072,6514
4073,6516
4074,6516
4075,6516
4076,6517
4077,6519
4078,6522
4079,6522
4080,6522
4081,6522
4082,6524
4083,6526
4084,6530
4085,6530
4086,6531
4087,6534
4088,6534
4089,6537
4090,6539
4091,6539
4092,6541
4093,6543
4094,6545
4095,6545
4096,6546
4097,6546
4098,6549
4099,6551
4100,6551
4101,6552
4102,6555
4103,6555
4104,6558
4105,6560
4106,6561
4107,6564
4108,6566
4109,6568
4110,6568
4111,6568
4112,6570
4113,6572
4114,6576
4115,6578
4116,6579
4117,6581
4118,6584
4119,6588
4120,6590
4121,6591
4122,6594
4123,6597
4124,6597
4125,6597
4126,6598
4127,6600
4128,6601
4129,6603
4130,6605
4131,6606
4132,6609
4133,6612
4134,6614
4135,6616
4136,6617
4137,6617
4138,6620
4139,6622
4140,6624
4141,6625
4142,6628
4143,6631
4144,6635
4145,6635
4146,6636
4147,6639
4148,6641
4149,6641
4150,6643
4151,6644
4152,6647
4153,6649
4154,6651
4155,6651
4156,6652
4157,6655
4158,6657
4159,6658
4160,6658
4161,6659
4162,6662
4163,6665
4164,6665
4165,6665
4166,6666
4167,6669
4168,6671
4169,6671
4170,6671
4171,6672
4172,6674
4173,6675
4174,6676
4175,6678
4176,6679
4177,6682
4178,6684
4179,6684
4180,6684
4181,6684
4182,6687
4183,6690
4184,6690
4185,6690
4186,6691
4187,6693
4188,6696
4189,6700
4190,6700
4191,6701
4192,6704
4193,6707
4194,6707
4195,6707
4196,6708
4197,6711
4198,6711
4199,6715
4200,6717
4201,6718
4202,6721
4203,6724
4204,6726
4205,6728
4206,6729
4207,6732
4208,6734
4209,6738
4210,6740
4211,6741
4212,6744
4213,6747
4214,6747
4215,6747
4216,6748
4217,6751
4218,6751
4219,6753
4220,6753
4221,6754
4222,6756
4223,6759
4224,6759
4225,6759
4226,6760
4227,6763
4228,6766
4229,6766
4230,6766
4231,6766
4232,6768
4233,6768
4234,6771
4235,6771
4236,6772
4237,6775
4238,6778
4239,6778
4240,6778
4241,6779
4242,6782
4243,6782
4244,6786
4245,6786
4246,6787
4247,6790
4248,6790
4249,6792
4250,6794
4251,6795
4252,6798
4253,6800
4254,6802
4255,6804
4256,6804
4257,6807
4258,6809
4259,6811
4260,6811
4261,6812
4262,6814
4263,6815
4264,6817
4265,6817
4266,6817
4267,6819
4268,6822
4269,6822
4270,6822
4271,6823
4272,6826
4273,6828
4274,6830
4275,6830
4276,6830
4277,6831
4278,6833
4279,6833
4280,6833
4281,6834
4282,6837
4283,6839
4284,6839
4285,6840
4286,6840
4287,6843
4288,6846
4289,6846
4290,6846
4291,6847
4292,6850
4293,6852
4294,6854
4295,6854
4296,6854
4297,6856
4298,6859
4299,6859
4300,6861
4301,6862
4302,6865
4303,6868
4304,6872
4305,6872
4306,6873
4307,6875
4308,6877
4309,6877
4310,6877
4311,6878
4312,6881
4313,6884
4314,6886
4315,6886
4316,6887
4317,6890
4318,6892
4319,6892
4320,6892
4321,6892
4322,6895
4323,6898
4324,6900
4325,6902
4326,6903
4327,6906
4328,6909
4329,6909
4330,6909
4331,6910
4332,6913
4333,6916
4334,6920
4335,6920
4336,6921
4337,6924
4338,6926
4339,6928
4340,6930
4341,6931
4342,6934
4343,6937
4344,6937
4345,6937
4346,6938
4347,6941
4348,6944
4349,6948
4350,6950
4351,6951
4352,6954
4353,6957
4354,6957
4355,6957
4356,6958
4357,6961
4358,6963
4359,6964
4360,6966
4361,6967
4362,6969
4363,6970
4364,6973
4365,6973
4366,6974
4367,6974
4368,6977
4369,6979
4370,6979
4371,6980
4372,6982
4373,6985
4374,6985
4375,6987
4376,6988
4377,6988
4378,6991
4379,6995
4380,6997
4381,6998
4382,7001
4383,7004
4384,7006
4385,7008
4386,7009
4387,7011
4388,7012
4389,7014
4390,7014
4391,7015
4392,7018
4393,7018
4394,7021
4395,7021
4396,7021
4397,7022
4398,7025
4399,7027
4400,7027
4401,7028
4402,7031
4403,7033
4404,7035
4405,7037
4406,7038
4407,7040
4408,7043
4409,7045
4410,7047
4411,7048
4412,7048
4413,7051
4414,7053
4415,7053
4416,7054
4417,7057
4418,7060
4419,7062
4420,7064
4421,7065
4422,7068
4423,7070
4424,7074
4425,7076
4426,7077
4427,7079
4428,7080
4429,7084
4430,7086
4431,7087
4432,7090
4433,7093
4434,7097
4435,7097
4436,7098
4437,7101
4438,7104
4439,7108
4440,7110
4441,7111
4442,7113
4443,7116
4444,7118
4445,7118
4446,7119
4447,7122
4448,7122
4449,7122
4450,7122
4451,7123
4452,7126
4453,7128
4454,7130
4455,7130
4456,7131
4457,7134
4458,7136
4459,7138
4460,7140
4461,7141
4462,7144
4463,7146
4464,7146
4465,7147
4466,7147
4467,7150
4468,7150
4469,7153
4470,7153
4471,7154
4472,7157
4473,7160
4474,7160
4475,7160
4476,7161
4477,7164
4478,7166
4479,7166
4480,7166
4481,7167
4482,7170
4483,7173
4484,7173
4485,7173
4486,7174
4487,7177
4488,7177
4489,7181
4490,7181
4491,7182
4492,7185
4493,7188
4494,7190
4495,7192
4496,7193
4497,7196
4498,7198
4499,7202
4500,7204
4501,7205
4502,7207
4503,7210
4504,7210
4505,7210
4506,7211
4507,7213
4508,7214
4509,7218
4510,7220
4511,7221
4512,7224
4513,7226
4514,7230
4515,7230
4516,7231
4517,7234
4518,7236
4519,7238
4520,7238
4521,7239
4522,7242
4523,7244
4524,7248
4525,7248
4526,7249
4527,7252
4528,7252
4529,7256
4530,7256
4531,7256
4532,7258
4533,7259
4534,7261
4535,7261
4536,7262
4537,7265
4538,7265
4539,7267
4540,7267
4541,7268
4542,7271
4543,7274
4544,7278
4545,7278
4546,7278
4547,7280
4548,7283
4549,7283
4550,7283
4551,7284
4552,7286
4553,7287
4554,7290
4555,7290
4556,7290
4557,7291
4558,7293
4559,7297
4560,7297
4561,7297
4562,7297
4563,7299
4564,7299
4565,7299
4566,7300
4567,7302
4568,7305
4569,7307
4570,7307
4571,7307
4572,7309
4573,7312
4574,7314
4575,7314
4576,7315
4577,7317
4578,7320
4579,7324
4580,7324
4581,7324
4582,7324
4583,7327
4584,7331
4585,7331
4586,7332
4587,7335
4588,7337
4589,7339
4590,7339
4591,7339
4592,7341
4593,7344
4594,7348
4595,7348
4596,7349
4597,7352
4598,7354
4599,7356
4600,7358
4601,7359
4602,7361
4603,7364
4604,7364
4605,7364
4606,7365
4607,7368
4608,7371
4609,7373
4610,7375
4611,7376
4612,7376
4613,7379
4614,7381
4615,7383
4616,7384
4617,7385
4618,7387
4619,7388
4620,7388
4621,7388
4622,7391
4623,7394
4624,7394
4625,7396
4626,7396
4627,7396
4628,7399
4629,7399
4630,7399
4631,7400
4632,7403
4633,7405
4634,7409
4635,7409
4636,7410
4637,7413
4638,7416
4639,7420
4640,7420
4641,7420
4642,7422
4643,7425
4644,7429
4645,7431
4646,7431
4647,7433
4648,7435
4649,7435
4650,7435
4651,7435
4652,7438
4653,7441
4654,7443
4655,7445
4656,7446
4657,7448
4658,7450
4659,7452
4660,7452
4661,7452
4662,7454
4663,7455
4664,7459
4665,7459
4666,7459
4667,7459
4668,7462
4669,7462
4670,7464
4671,7465
4672,7467
4673,7468
4674,7470
4675,7472
4676,7473
4677,7476
4678,7478
4679,7480
4680,7482
4681,7483
4682,7486
4683,7488
4684,7488
4685,7488
4686,7489
4687,7492
4688,7495
4689,7497
4690,7497
4691,7498
4692,7501
4693,7503
4694,7505
4695,7507
4696,7508
4697,7511
4698,7511
4699,7514
4700,7514
4701,7515
4702,7516
4703,7518
4704,7520
4705,7522
4706,7523
4707,7526
4708,7529
4709,7531
4710,7531
4711,7531
4712,7531
4713,7532
4714,7534
4715,7536
4716,7537
4717,7540
4718,7543
4719,7547
4720,7547
4721,7548
4722,7551
4723,7554
4724,7558
4725,7558
4726,7558
4727,7558
4728,7559
4729,7561
4730,7561
4731,7562
4732,7565
4733,7568
4734,7572
4735,7574
4736,7575
4737,7577
4738,7580
4739,7580
4740,7580
4741,7581
4742,7584
4743,7584
4744,7584
4745,7585
4746,7586
4747,7589
4748,7591
4749,7595
4750,7597
4751,7598
4752,7600
4753,7603
4754,7607
4755,7607
4756,7608
4757,7611
4758,7613
4759,7615
4760,7615
4761,7615
4762,7616
4763,7617
4764,7619
4765,7619
4766,7620
4767,7623
4768,7625
4769,7627
4770,7627
4771,7628
4772,7630
4773,7632
4774,7633
4775,7633
4776,7633
4777,7636
4778,7636
4779,7638
4780,7638
4781,7639
4782,7641
4783,7644
4784,7646
4785,7648
4786,7649
4787,7652
4788,7655
4789,7657
4790,7657
4791,7658
4792,7661
4793,7663
4794,7664
4795,7664
4796,7665
4797,7667
4798,7669
4799,7673
4800,7673
4801,7674
4802,7677
4803,7677
4804,7678
4805,7679
4806,7680
4807,7683
4808,7685
4809,7687
4810,7689
4811,7690
4812,7692
4813,7693
4814,7697
4815,7697
4816,7698
4817,7700
4818,7703
4819,7703
4820,7703
4821,7703
4822,7706
4823,7709
4824,7713
4825,7713
4826,7713
4827,7715
4828,7715
4829,7715
4830,7717
4831,7717
4832,7718
4833,7721
4834,7721
4835,7721
4836,7722
4837,7724
4838,7727
4839,7729
4840,7731
4841,7732
4842,7735
4843,7738
4844,7740
4845,7740
4846,7741
4847,7744
4848,7744
4849,7744
4850,7744
4851,7745
4852,7748
4853,7751
4854,7751
4855,7753
4856,7754
4857,7757
4858,7760
4859,7760
4860,7762
4861,7763
4862,7766
4863,7766
4864,7768
4865,7768
4866,7769
4867,7772
4868,7775
4869,7775
4870,7777
4871,7778
4872,7780
4873,7783
4874,7787
4875,7789
4876,7790
4877,7790
4878,7793
4879,7794
4880,7795
4881,7796
4882,7799
4883,7802
4884,7802
4885,7802
4886,7803
4887,7805
4888,7807
4889,7809
4890,7811
4891,7811
4892,7811
4893,7814
4894,7815
4895,7817
4896,7817
4897,7820
4898,7820
4899,7823
4900,7823
4901,7823
4902,7825
4903,7827
4904,7827
4905,7827
4906,7828
4907,7830
4908,7831
4909,7833
4910,7833
4911,7834
4912,7837
4913,7837
4914,7837
4915,7837
4916,7838
4917,7841
4918,7841
4919,7843
4920,7845
4921,7846
4922,7849
4923,7852
4924,7856
4925,7858
4926,7859
4927,7862
4928,7864
4929,7864
4930,7864
4931,7865
4932,7868
4933,7870
4934,7872
4935,7872
4936,7872
4937,7874
4938,7876
4939,7878
4940,7878
4941,7879
4942,7882
4943,7885
4944,7885
4945,7885
4946,7886
4947,7889
4948,7892
4949,7896
4950,7898
4951,7899
4952,7902
4953,7905
4954,7905
4955,7905
4956,7905
4957,7907
4958,7910
4959,7910
4960,7912
4961,7913
4962,7916
4963,7919
4964,7921
4965,7923
4966,7924
4967,7927
4968,7927
4969,7929
4970,7929
4971,7930
4972,7933
4973,7933
4974,7934
4975,7936
4976,7937
4977,7937
4978,7940
4979,7941
4980,7943
4981,7944
4982,7947
4983,7950
4984,7950
4985,7952
4986,7953
4987,7956
4988,7959
4989,7963
4990,7965
4991,7965
4992,7968
4993,7968
4994,7968
4995,7970
4996,7971
4997,7974
4998,7976
4999,7978
5000,7978
5001,7979
5002,7981
5003,7984
5004,7986
5005,7988
5006,7988
5007,7988
5008,7988
5009,7992
5010,7994
5011,7994
5012,7994
5013,7994
5014,7998
5015,7998
5016,7999
5017,8002
5018,8005
5019,8007
5020,8007
5021,8007
5022,8009
5023,8011
5024,8013
5025,8013
5026,8014
5027,8016
5028,8019
5029,8019
5030,8019
5031,8020
5032,8022
5033,8024
5034,8028
5035,8028
5036,8029
5037,8031
5038,8032
5039,8034
5040,8034
5041,8034
5042,8037
5043,8039
5044,8039
5045,8039
5046,8040
5047,8043
5048,8046
5049,8046
5050,8046
5051,8047
5052,8050
5053,8052
5054,8054
5055,8054
5056,8055
5057,8058
5058,8061
5059,8065
5060,8065
5061,8066
5062,8069
5063,8072
5064,8072
5065,8072
5066,8073
5067,8076
5068,8076
5069,8079
5070,8081
5071,8082
5072,8084
5073,8087
5074,8089
5075,8089
5076,8089
5077,8091
5078,8093
5079,8093
5080,8093
5081,8094
5082,8097
5083,8099
5084,8101
5085,8101
5086,8102
5087,8104
5088,8106
5089,8110
5090,8110
5091,8111
5092,8114
5093,8114
5094,8116
5095,8116
5096,8117
5097,8120
5098,8123
5099,8123
5100,8123
5101,8124
5102,8127
5103,8130
5104,8132
5105,8132
5106,8133
5107,8136
5108,8139
5109,8139
5110,8139
5111,8140
5112,8143
5113,8146
5114,8146
5115,8146
5116,8147
5117,8147
5118,8150
5119,8151
5120,8151
5121,8152
5122,8155
5123,8155
5124,8159
5125,8161
5126,8162
5127,8165
5128,8167
5129,8169
5130,8169
5131,8170
5132,8172
5133,8175
5134,8177
5135,8177
5136,8178
5137,8180
5138,8183
5139,8185
5140,8187
5141,8188
5142,8191
5143,8191
5144,8195
5145,8197
5146,8198
5147,8200
5148,8202
5149,8202
5150,8202
5151,8203
5152,8206
5153,8209
5154,8209
5155,8209
5156,8210
5157,8212
5158,8215
5159,8217
5160,8219
5161,8220
5162,8223
5163,8223
5164,8225
5165,8225
5166,8226
5167,8229
5168,8232
5169,8232
5170,8232
5171,8233
5172,8235
5173,8236
5174,8239
5175,8241
5176,8241
5177,8241
5178,8244
5179,8244
5180,8246
5181,8247
5182,8250
5183,8253
5184,8255
5185,8255
5186,8256
5187,8259
5188,8262
5189,8266
5190,8266
5191,8267
5192,8269
5193,8272
5194,8272
5195,8272
5196,8273
5197,8276
5198,8279
5199,8279
5200,8279
5201,8280
5202,8283
5203,8286
5204,8290
5205,8290
5206,8291
5207,8293
5208,8295
5209,8295
5210,8297
5211,8297
5212,8299
5213,8301
5214,8303
5215,8303
5216,8303
5217,8305
5218,8306
5219,8308
5220,8310
5221,8310
5222,8310
5223,8312
5224,8314
5225,8314
5226,8315
5227,8318
5228,8320
5229,8320
5230,8320
5231,8321
5232,8323
5233,8326
5234,8326
5235,8328
5236,8329
5237,8332
5238,8334
5239,8336
5240,8338
5241,8339
5242,8342
5243,8342
5244,8345
5245,8345
5246,8345
5247,8347
5248,8350
5249,8350
5250,8350
5251,8351
5252,8354
5253,8356
5254,8356
5255,8358
5256,8359
5257,8362
5258,8362
5259,8362
5260,8362
5261,8363
5262,8365
5263,8366
5264,8368
5265,8370
5266,8371
5267,8373
5268,8375
5269,8377
5270,8379
5271,8380
5272,8382
5273,8384
5274,8386
5275,8388
5276,8389
5277,8392
5278,8392
5279,8392
5280,8394
5281,8394
5282,8396
5283,8398
5284,8400
5285,8402
5286,8403
5287,8406
5288,8409
5289,8409
5290,8411
5291,8412
5292,8415
5293,8418
5294,8420
5295,8420
5296,8421
5297,8423
5298,8424
5299,8426
5300,8426
5301,8426
5302,8429
5303,8431
5304,8431
5305,8431
5306,8432
5307,8435
5308,8438
5309,8438
5310,8440
5311,8441
5312,8443
5313,8446
5314,8448
5315,8448
5316,8449
5317,8452
5318,8454
5319,8455
5320,8457
5321,8458
5322,8461
5323,8464
5324,8464
5325,8464
5326,8464
5327,8465
5328,8468
5329,8470
5330,8470
5331,8471
5332,8473
5333,8476
5334,8476
5335,8478
5336,8479
5337,8482
5338,8485
5339,8485
5340,8487
5341,8488
5342,8491
5343,8494
5344,8494
5345,8494
5346,8495
5347,8497
5348,8500
5349,8502
5350,8502
5351,8503
5352,8506
5353,8509
5354,8509
5355,8509
5356,8510
5357,8513
5358,8513
5359,8516
5360,8516
5361,8516
5362,8518
5363,8521
5364,8525
5365,8525
5366,8526
5367,8528
5368,8530
5369,8532
5370,8534
5371,8535
5372,8538
5373,8540
5374,8544
5375,8544
5376,8545
5377,8547
5378,8548
5379,8550
5380,8552
5381,8553
5382,8556
5383,8559
5384,8559
5385,8561
5386,8562
5387,8565
5388,8568
5389,8570
5390,8570
5391,8571
5392,8574
5393,8576
5394,8578
5395,8578
5396,8578
5397,8580
5398,8582
5399,8583
5400,8585
5401,8586
5402,8588
5403,8590
5404,8592
5405,8592
5406,8593
5407,8594
5408,8596
5409,8598
5410,8600
5411,8601
5412,8604
5413,8607
5414,8611
5415,8611
5416,8612
5417,8615
5418,8615
5419,8617
5420,8617
5421,8618
5422,8621
5423,8621
5424,8623
5425,8625
5426,8625
5427,8628
5428,8628
5429,8631
5430,8633
5431,8634
5432,8637
5433,8637
5434,8640
5435,8640
5436,8641
5437,8644
5438,8644
5439,8647
5440,8647
5441,8647
5442,8649
5443,8649
5444,8649
5445,8651
5446,8652
5447,8652
5448,8655
5449,8656
5450,8656
5451,8657
5452,8660
5453,8662
5454,8663
5455,8665
5456,8666
5457,8669
5458,8669
5459,8671
5460,8673
5461,8674
5462,8677
5463,8680
5464,8682
5465,8684
5466,8684
5467,8684
5468,8686
5469,8688
5470,8690
5471,8690
5472,8693
5473,8693
5474,8693
5475,8695
5476,8695
5477,8696
5478,8699
5479,8699
5480,8699
5481,8700
5482,8703
5483,8706
5484,8706
5485,8706
5486,8707
5487,8710
5488,8713
5489,8717
5490,8717
5491,8718
