[
 [ 5, 5 ],
 [ 8, 6 ],
 [ 11, 10 ],
[ 13, 35 ],
[ 15, 15 ],
 [ 19, 20 ],
[ 21, 23 ],
[ 24, 25 ],
[ 28, 24 ],
[ 30, 30 ],
 [ 32, 31 ],
[ 35, 35 ],
[ 38, -2 ],
[ 43, 1 ],
 [ 45, 33 ],
 [ 47, 8 ],
 [ 49, 10 ],
[ 51, 13 ],
[ 54, 15 ],
[ 56, 18 ],
 [ 59, 20 ],
[ 61, 22 ],
[ 63, -2 ],
[ 65, 23 ],
[ 67, 28 ],
 [ 69, 30 ],
[ 71, 38 ],
[ 73, 15 ],
[ 75, 33 ],
[ 77, 38 ],
 [ 79, -1 ],
[ 81, 10 ],
[ 83, 1 ],
 [ 85, 7 ],
 [ 87, 5 ],
 [ 89, 10 ],
[ 91, 14 ],
[ 93, 10 ],
[ 95, 13 ],
[ 97, 18 ],
 [ 99, 20 ],
[ 102, 19 ], [ 104, 25 ], [ 106, 4 ],
[ 108, 26 ],
 [ 110, 29 ], [ 112, 30 ], [ 114, 35 ], [ 118, 0 ],
[ 124, 37 ],
 [ 126, 4 ],
[ 129, 10 ], [ 131, 12 ], [ 133, 11 ], [ 135, 14 ],
 [ 137, 15 ], [ 139, 20 ], [ 141, 22 ], [ 143, 3 ],
[ 145, 24 ],
 [ 147, 25 ], [ 149, 30 ], [ 151, -1 ], [ 153, 35 ], [ 156, 38 ],
 [ 158, 36 ], [ 160, -2 ], [ 164, 5 ],
[ 166, 19 ], [ 168, 15 ],
 [ 170, 8 ],
[ 172, 13 ], [ 174, 15 ], [ 176, 27 ], [ 178, 12 ],
 [ 180, 18 ], [ 182, 20 ], [ 184, 25 ], [ 186, -2 ], [ 188, 23 ],
 [ 190, 28 ], [ 193, 35 ], [ 195, 33 ], [ 197, 38 ], [ 199, -2 ],
 [ 202, 5 ],
[ 205, 4 ],
[ 207, 6 ],
[ 209, 11 ], [ 211, 10 ],
 [ 213, 11 ], [ 215, 13 ], [ 217, 20 ], [ 220, 18 ], [ 223, 21 ],
 [ 225, 23 ], [ 227, 30 ], [ 231, 31 ], [ 235, 34 ], [ 237, 35 ],
  ... 1 more item
]
